[gd_scene load_steps=26 format=3 uid="uid://c1phi1g3fsecx"]

[ext_resource type="Script" path="res://characters/guard/guard.gd" id="2_4477i"]
[ext_resource type="PackedScene" uid="uid://3mij3cjhkwsm" path="res://addons/fpc/reticles/reticle_1.tscn" id="2_cgnav"]
[ext_resource type="Script" path="res://addons/fpc/debug.gd" id="3_n54r5"]
[ext_resource type="Texture2D" uid="uid://di5bx4ldi16hv" path="res://characters/guard/barney half one_w_beretta.png" id="4_by43t"]
[ext_resource type="Texture2D" uid="uid://dujbv2cx3bya" path="res://characters/guard/barney half one_barney_legs.png" id="5_cy5d0"]
[ext_resource type="Texture2D" uid="uid://jh6wl61thkjp" path="res://characters/guard/barney half one_barney_body.png" id="6_nycv7"]
[ext_resource type="Texture2D" uid="uid://5oer4una2aq7" path="res://characters/guard/barney half one_barney_chrome.png" id="7_rduex"]

[sub_resource type="BoxShape3D" id="BoxShape3D_iuuj1"]
size = Vector3(0.57325, 1.83727, 0.410278)

[sub_resource type="StandardMaterial3D" id="StandardMaterial3D_v77xo"]
resource_name = "Material.001"
cull_mode = 2
albedo_color = Color(0.906332, 0.906332, 0.906332, 1)
roughness = 0.4

[sub_resource type="ArrayMesh" id="ArrayMesh_cd185"]
_surfaces = [{
"aabb": AABB(-1, -1, -1, 2.00001, 2.00001, 2),
"format": 34896613377,
"index_count": 36,
"index_data": PackedByteArray(0, 0, 6, 0, 4, 0, 0, 0, 2, 0, 6, 0, 3, 0, 6, 0, 2, 0, 3, 0, 7, 0, 6, 0, 7, 0, 4, 0, 6, 0, 7, 0, 5, 0, 4, 0, 5, 0, 3, 0, 1, 0, 5, 0, 7, 0, 3, 0, 1, 0, 2, 0, 0, 0, 1, 0, 3, 0, 2, 0, 5, 0, 0, 0, 4, 0, 5, 0, 1, 0, 0, 0),
"name": "Material.001",
"primitive": 3,
"uv_scale": Vector4(0, 0, 0, 0),
"vertex_count": 8,
"vertex_data": PackedByteArray(254, 255, 254, 255, 0, 0, 0, 0, 254, 255, 0, 0, 0, 0, 0, 0, 254, 255, 254, 255, 255, 255, 0, 0, 254, 255, 0, 0, 255, 255, 0, 0, 0, 0, 254, 255, 0, 0, 0, 0, 0, 0, 0, 0, 0, 0, 0, 0, 0, 0, 254, 255, 255, 255, 0, 0, 0, 0, 0, 0, 255, 255, 0, 0)
}]
blend_shape_mode = 0

[sub_resource type="ArrayMesh" id="ArrayMesh_l4kkg"]
resource_name = "BARNEY-X_Template_Biped1_Cube_001"
_surfaces = [{
"aabb": AABB(-1, -1, -1, 2.00001, 2.00001, 2),
"attribute_data": PackedByteArray(255, 159, 255, 127, 255, 159, 255, 127, 255, 159, 255, 127, 255, 95, 255, 127, 255, 95, 255, 127, 255, 95, 255, 127, 255, 159, 255, 63, 255, 159, 255, 63, 255, 159, 255, 63, 255, 95, 255, 63, 255, 95, 255, 63, 255, 95, 255, 63, 255, 159, 255, 191, 255, 159, 255, 191, 255, 223, 255, 127, 255, 95, 255, 191, 255, 31, 255, 127, 255, 95, 255, 191, 255, 159, 255, 255, 255, 159, 0, 0, 255, 223, 255, 63, 255, 95, 255, 255, 255, 31, 255, 63, 255, 95, 0, 0),
"format": 34896613399,
"index_count": 36,
"index_data": PackedByteArray(1, 0, 20, 0, 14, 0, 1, 0, 7, 0, 20, 0, 10, 0, 19, 0, 6, 0, 10, 0, 23, 0, 19, 0, 21, 0, 12, 0, 18, 0, 21, 0, 15, 0, 12, 0, 16, 0, 9, 0, 3, 0, 16, 0, 22, 0, 9, 0, 5, 0, 8, 0, 2, 0, 5, 0, 11, 0, 8, 0, 17, 0, 0, 0, 13, 0, 17, 0, 4, 0, 0, 0),
"material": SubResource("StandardMaterial3D_v77xo"),
"name": "Material.001",
"primitive": 3,
"uv_scale": Vector4(0, 0, 0, 0),
"vertex_count": 24,
"vertex_data": PackedByteArray(254, 255, 254, 255, 0, 0, 255, 255, 254, 255, 254, 255, 0, 0, 255, 255, 254, 255, 254, 255, 0, 0, 84, 213, 254, 255, 0, 0, 0, 0, 255, 191, 254, 255, 0, 0, 0, 0, 255, 255, 254, 255, 0, 0, 0, 0, 84, 213, 254, 255, 254, 255, 255, 255, 255, 191, 254, 255, 254, 255, 255, 255, 255, 255, 254, 255, 254, 255, 255, 255, 84, 213, 254, 255, 0, 0, 255, 255, 255, 191, 254, 255, 0, 0, 255, 255, 255, 191, 254, 255, 0, 0, 255, 255, 84, 213, 0, 0, 254, 255, 0, 0, 84, 213, 0, 0, 254, 255, 0, 0, 255, 255, 0, 0, 254, 255, 0, 0, 255, 255, 0, 0, 0, 0, 0, 0, 84, 213, 0, 0, 0, 0, 0, 0, 255, 191, 0, 0, 0, 0, 0, 0, 255, 255, 0, 0, 254, 255, 255, 255, 84, 213, 0, 0, 254, 255, 255, 255, 255, 191, 0, 0, 254, 255, 255, 255, 255, 255, 0, 0, 0, 0, 255, 255, 84, 213, 0, 0, 0, 0, 255, 255, 255, 191, 0, 0, 0, 0, 255, 255, 255, 191, 255, 191, 255, 191, 255, 127, 255, 191, 170, 42, 170, 42, 0, 0, 255, 127, 255, 191, 255, 191, 170, 42, 170, 42, 255, 255, 255, 255, 255, 127, 255, 191, 170, 42, 170, 42, 0, 0, 255, 127, 255, 255, 255, 255, 170, 42, 170, 42, 84, 213, 84, 213, 255, 191, 255, 191, 255, 127, 255, 191, 84, 213, 84, 213, 0, 0, 255, 127, 255, 191, 255, 191, 84, 213, 84, 213, 255, 255, 255, 255, 255, 127, 255, 191, 84, 213, 84, 213, 0, 0, 255, 127, 255, 255, 255, 255)
}]
blend_shape_mode = 0
shadow_mesh = SubResource("ArrayMesh_cd185")

[sub_resource type="Animation" id="Animation_gh776"]
resource_name = "RESET"
length = 0.001
loop_mode = 1
tracks/0/type = "bezier"
tracks/0/imported = false
tracks/0/enabled = true
tracks/0/path = NodePath("Camera:position:x")
tracks/0/interp = 1
tracks/0/loop_wrap = true
tracks/0/keys = {
"handle_modes": PackedInt32Array(0),
"points": PackedFloat32Array(0, -0.25, 0, 0.25, 0),
"times": PackedFloat32Array(0)
}
tracks/1/type = "bezier"
tracks/1/imported = false
tracks/1/enabled = true
tracks/1/path = NodePath("Camera:position:y")
tracks/1/interp = 1
tracks/1/loop_wrap = true
tracks/1/keys = {
"handle_modes": PackedInt32Array(0),
"points": PackedFloat32Array(0, -0.25, 0, 0.25, 0),
"times": PackedFloat32Array(0)
}
tracks/2/type = "bezier"
tracks/2/imported = false
tracks/2/enabled = true
tracks/2/path = NodePath("Camera:position:z")
tracks/2/interp = 1
tracks/2/loop_wrap = true
tracks/2/keys = {
"handle_modes": PackedInt32Array(0),
"points": PackedFloat32Array(0, -0.25, 0, 0.25, 0),
"times": PackedFloat32Array(0)
}

[sub_resource type="Animation" id="Animation_lrqmv"]
resource_name = "headbob"
length = 2.0
loop_mode = 1
tracks/0/type = "bezier"
tracks/0/imported = false
tracks/0/enabled = true
tracks/0/path = NodePath("Camera:position:x")
tracks/0/interp = 1
tracks/0/loop_wrap = true
tracks/0/keys = {
"handle_modes": PackedInt32Array(0, 0, 0, 0, 0),
"points": PackedFloat32Array(0.04, -0.25, 0, 0.25, 0, 0, -0.25, 0, 0.25, 0, -0.04, -0.25, 0, 0.25, 0, 0, -0.25, 0, 0.25, 0, 0.04, -0.25, 0, 0.25, 0),
"times": PackedFloat32Array(0, 0.5, 1, 1.5, 2)
}
tracks/1/type = "bezier"
tracks/1/imported = false
tracks/1/enabled = true
tracks/1/path = NodePath("Camera:position:y")
tracks/1/interp = 1
tracks/1/loop_wrap = true
tracks/1/keys = {
"handle_modes": PackedInt32Array(0, 0, 0, 0, 0),
"points": PackedFloat32Array(-0.05, -0.25, 0, 0.2, 0.005, 0, -0.25, 0, 0.25, 0, -0.05, -0.2, 0.005, 0.2, 0.005, 0, -0.25, 0, 0.25, 0, -0.05, -0.2, 0.005, 0.25, 0),
"times": PackedFloat32Array(0, 0.5, 1, 1.5, 2)
}
tracks/2/type = "bezier"
tracks/2/imported = false
tracks/2/enabled = true
tracks/2/path = NodePath("Camera:position:z")
tracks/2/interp = 1
tracks/2/loop_wrap = true
tracks/2/keys = {
"handle_modes": PackedInt32Array(0, 0, 0, 0, 0),
"points": PackedFloat32Array(0, -0.25, 0, 0.25, 0, 0, -0.25, 0, 0.25, 0, 0, -0.25, 0, 0.25, 0, 0, -0.25, 0, 0.25, 0, 0, -0.25, 0, 0.25, 0),
"times": PackedFloat32Array(0, 0.5, 1, 1.5, 2)
}

[sub_resource type="AnimationLibrary" id="AnimationLibrary_o0unb"]
_data = {
"RESET": SubResource("Animation_gh776"),
"headbob": SubResource("Animation_lrqmv")
}

[sub_resource type="Theme" id="Theme_wdf0f"]
MarginContainer/constants/margin_bottom = 10
MarginContainer/constants/margin_left = 10
MarginContainer/constants/margin_right = 10
MarginContainer/constants/margin_top = 10

[sub_resource type="StandardMaterial3D" id="StandardMaterial3D_r5be8"]
resource_name = "w_beretta.bmp.001"
cull_mode = 2
albedo_texture = ExtResource("4_by43t")
roughness = 0.4

[sub_resource type="ArrayMesh" id="ArrayMesh_fyjyo"]
resource_name = "BARNEY-X_Template_Biped1_BARNEY-X_Template_Biped(Gun-Hlstr)1_001"
_surfaces = [{
"aabb": AABB(-8.35045, 38.3675, -4.34452, 1.76999, 5.71178, 6.51996),
"attribute_data": PackedByteArray(121, 93, 87, 63, 0, 0, 0, 0, 121, 93, 87, 63, 56, 41, 165, 61, 191, 239, 123, 63, 194, 247, 94, 63, 124, 158, 103, 63, 84, 173, 53, 62, 188, 174, 107, 63, 140, 16, 66, 63, 124, 158, 103, 63, 116, 49, 70, 62, 188, 174, 107, 63, 194, 247, 94, 63, 124, 158, 103, 63, 194, 247, 94, 63, 188, 174, 107, 63, 116, 49, 70, 62, 59, 142, 99, 63, 140, 16, 66, 63, 188, 174, 107, 63, 116, 49, 70, 62, 59, 142, 99, 63, 176, 57, 103, 62, 59, 142, 99, 63, 194, 247, 94, 63, 59, 142, 99, 63, 176, 57, 103, 62, 59, 142, 99, 63, 140, 16, 66, 63, 121, 93, 87, 63, 194, 247, 94, 63, 250, 125, 95, 63, 40, 99, 140, 62, 121, 93, 87, 63, 140, 16, 66, 63, 250, 125, 95, 63, 40, 99, 140, 62, 235, 56, 14, 63, 194, 247, 94, 63, 62, 207, 115, 63, 240, 189, 247, 62, 235, 56, 14, 63, 148, 49, 70, 63, 62, 207, 115, 63, 240, 189, 247, 62, 36, 12, 195, 62, 108, 206, 57, 63, 174, 239, 251, 62, 202, 24, 99, 63, 62, 207, 115, 63, 23, 99, 12, 63, 45, 207, 243, 62, 108, 206, 57, 63, 174, 239, 251, 62, 148, 49, 70, 63, 62, 207, 115, 63, 23, 99, 12, 63, 24, 8, 2, 62, 46, 198, 24, 63, 174, 239, 251, 62, 0, 0, 128, 63, 244, 251, 62, 63, 31, 132, 16, 63, 159, 170, 170, 62, 46, 198, 24, 63, 241, 186, 46, 63, 40, 99, 140, 62, 162, 235, 186, 62, 46, 198, 24, 63, 47, 138, 34, 63, 208, 189, 119, 62, 162, 235, 186, 62, 77, 74, 41, 63, 47, 138, 34, 63, 208, 189, 119, 62, 159, 170, 170, 62, 77, 74, 41, 63, 241, 186, 46, 63, 40, 99, 140, 62, 24, 8, 2, 62, 77, 74, 41, 63, 36, 12, 195, 62, 0, 0, 128, 63, 244, 251, 62, 63, 31, 132, 16, 63, 238, 121, 30, 63, 0, 0, 0, 0, 238, 121, 30, 63, 56, 41, 165, 61, 238, 121, 30, 63, 56, 41, 165, 61, 121, 93, 87, 63, 56, 41, 165, 61, 191, 239, 123, 63, 140, 16, 66, 63, 121, 93, 87, 63, 0, 0, 0, 0, 121, 93, 87, 63, 56, 41, 165, 61, 191, 239, 123, 63, 194, 247, 94, 63, 59, 142, 99, 63, 176, 57, 103, 62, 59, 142, 99, 63, 176, 57, 103, 62, 59, 142, 99, 63, 194, 247, 94, 63, 59, 142, 99, 63, 194, 247, 94, 63, 121, 93, 87, 63, 140, 16, 66, 63, 121, 93, 87, 63, 140, 16, 66, 63, 121, 93, 87, 63, 140, 16, 66, 63, 250, 125, 95, 63, 40, 99, 140, 62, 250, 125, 95, 63, 40, 99, 140, 62, 250, 125, 95, 63, 40, 99, 140, 62, 250, 125, 95, 63, 40, 99, 140, 62, 250, 125, 95, 63, 40, 99, 140, 62, 36, 12, 195, 62, 108, 206, 57, 63, 174, 239, 251, 62, 202, 24, 99, 63, 174, 239, 251, 62, 202, 24, 99, 63, 62, 207, 115, 63, 23, 99, 12, 63, 45, 207, 243, 62, 108, 206, 57, 63, 45, 207, 243, 62, 108, 206, 57, 63, 174, 239, 251, 62, 148, 49, 70, 63, 62, 207, 115, 63, 23, 99, 12, 63, 24, 8, 2, 62, 46, 198, 24, 63, 174, 239, 251, 62, 0, 0, 128, 63, 244, 251, 62, 63, 31, 132, 16, 63, 244, 251, 62, 63, 31, 132, 16, 63, 159, 170, 170, 62, 46, 198, 24, 63, 159, 170, 170, 62, 46, 198, 24, 63, 159, 170, 170, 62, 46, 198, 24, 63, 241, 186, 46, 63, 40, 99, 140, 62, 241, 186, 46, 63, 40, 99, 140, 62, 162, 235, 186, 62, 46, 198, 24, 63, 162, 235, 186, 62, 46, 198, 24, 63, 47, 138, 34, 63, 208, 189, 119, 62, 162, 235, 186, 62, 77, 74, 41, 63, 47, 138, 34, 63, 208, 189, 119, 62, 47, 138, 34, 63, 208, 189, 119, 62, 159, 170, 170, 62, 77, 74, 41, 63, 159, 170, 170, 62, 77, 74, 41, 63, 159, 170, 170, 62, 77, 74, 41, 63, 241, 186, 46, 63, 40, 99, 140, 62, 24, 8, 2, 62, 77, 74, 41, 63, 24, 8, 2, 62, 77, 74, 41, 63, 36, 12, 195, 62, 0, 0, 128, 63, 36, 12, 195, 62, 0, 0, 128, 63, 244, 251, 62, 63, 31, 132, 16, 63, 244, 251, 62, 63, 31, 132, 16, 63, 238, 121, 30, 63, 0, 0, 0, 0, 238, 121, 30, 63, 0, 0, 0, 0, 238, 121, 30, 63, 56, 41, 165, 61, 238, 121, 30, 63, 56, 41, 165, 61, 238, 121, 30, 63, 56, 41, 165, 61),
"bone_aabbs": [AABB(0, 0, 0, -1, -1, -1), AABB(0, 0, 0, -1, -1, -1), AABB(0, 0, 0, -1, -1, -1), AABB(0, 0, 0, -1, -1, -1), AABB(0, 0, 0, -1, -1, -1), AABB(0, 0, 0, -1, -1, -1), AABB(0, 0, 0, -1, -1, -1), AABB(0, 0, 0, -1, -1, -1), AABB(0, 0, 0, -1, -1, -1), AABB(0, 0, 0, -1, -1, -1), AABB(0, 0, 0, -1, -1, -1), AABB(0, 0, 0, -1, -1, -1), AABB(0, 0, 0, -1, -1, -1), AABB(0, 0, 0, -1, -1, -1), AABB(0, 0, 0, -1, -1, -1), AABB(0, 0, 0, -1, -1, -1), AABB(0, 0, 0, -1, -1, -1), AABB(0, 0, 0, -1, -1, -1), AABB(0, 0, 0, -1, -1, -1), AABB(0, 0, 0, -1, -1, -1), AABB(0, 0, 0, -1, -1, -1), AABB(0, 0, 0, -1, -1, -1), AABB(0, 0, 0, -1, -1, -1), AABB(0, 0, 0, -1, -1, -1), AABB(0, 0, 0, -1, -1, -1), AABB(0, 0, 0, -1, -1, -1), AABB(0, 0, 0, -1, -1, -1), AABB(0, 0, 0, -1, -1, -1), AABB(0, 0, 0, -1, -1, -1), AABB(0, 0, 0, -1, -1, -1), AABB(0, 0, 0, -1, -1, -1), AABB(0, 0, 0, -1, -1, -1), AABB(0, 0, 0, -1, -1, -1), AABB(0, 0, 0, -1, -1, -1), AABB(0, 0, 0, -1, -1, -1), AABB(0, 0, 0, -1, -1, -1), AABB(0, 0, 0, -1, -1, -1), AABB(0, 0, 0, -1, -1, -1), AABB(0, 0, 0, -1, -1, -1), AABB(0, 0, 0, -1, -1, -1), AABB(0, 0, 0, -1, -1, -1), AABB(0, 0, 0, -1, -1, -1), AABB(0, 0, 0, -1, -1, -1), AABB(0, 0, 0, -1, -1, -1), AABB(0, 0, 0, -1, -1, -1), AABB(0, 0, 0, -1, -1, -1), AABB(0, 0, 0, -1, -1, -1), AABB(0, 0, 0, -1, -1, -1), AABB(0, 0, 0, -1, -1, -1), AABB(0, 0, 0, -1, -1, -1), AABB(0, 0, 0, -1, -1, -1), AABB(0, 0, 0, -1, -1, -1), AABB(0, 0, 0, -1, -1, -1), AABB(0, 0, 0, -1, -1, -1), AABB(0, 0, 0, -1, -1, -1), AABB(0, 0, 0, -1, -1, -1), AABB(-8.35045, 38.3675, -4.34452, 1.76999, 5.71178, 6.51996)],
"format": 34359745559,
"index_count": 114,
"index_data": PackedByteArray(2, 0, 6, 0, 4, 0, 6, 0, 7, 0, 4, 0, 4, 0, 7, 0, 9, 0, 7, 0, 12, 0, 9, 0, 9, 0, 12, 0, 14, 0, 12, 0, 15, 0, 14, 0, 14, 0, 15, 0, 17, 0, 15, 0, 19, 0, 17, 0, 17, 0, 19, 0, 21, 0, 19, 0, 24, 0, 21, 0, 21, 0, 24, 0, 27, 0, 28, 0, 31, 0, 22, 0, 31, 0, 33, 0, 22, 0, 22, 0, 33, 0, 18, 0, 33, 0, 35, 0, 18, 0, 18, 0, 35, 0, 13, 0, 35, 0, 3, 0, 13, 0, 13, 0, 3, 0, 10, 0, 8, 0, 5, 0, 11, 0, 5, 0, 37, 0, 11, 0, 11, 0, 37, 0, 16, 0, 37, 0, 39, 0, 16, 0, 16, 0, 39, 0, 42, 0, 36, 0, 34, 0, 38, 0, 34, 0, 32, 0, 38, 0, 38, 0, 32, 0, 40, 0, 32, 0, 29, 0, 40, 0, 23, 0, 41, 0, 26, 0, 41, 0, 30, 0, 26, 0, 25, 0, 20, 0, 42, 0, 20, 0, 16, 0, 42, 0, 44, 0, 37, 0, 1, 0, 37, 0, 5, 0, 1, 0, 45, 0, 43, 0, 46, 0, 43, 0, 0, 0, 46, 0, 45, 0, 46, 0, 35, 0, 46, 0, 3, 0, 35, 0, 47, 0, 2, 0, 4, 0),
"lods": [1.0755, PackedByteArray(50, 0, 53, 0, 55, 0, 54, 0, 64, 0, 56, 0, 57, 0, 65, 0, 69, 0, 70, 0, 73, 0, 58, 0, 74, 0, 78, 0, 59, 0, 79, 0, 82, 0, 60, 0, 100, 0, 60, 0, 82, 0, 84, 0, 89, 0, 51, 0, 51, 0, 89, 0, 94, 0, 84, 0, 51, 0, 49, 0, 98, 0, 85, 0, 49, 0, 83, 0, 80, 0, 86, 0, 81, 0, 75, 0, 87, 0, 88, 0, 76, 0, 90, 0, 77, 0, 71, 0, 91, 0, 63, 0, 92, 0, 67, 0, 93, 0, 72, 0, 68, 0, 66, 0, 52, 0, 95, 0, 99, 0, 96, 0, 61, 0, 97, 0, 48, 0, 62, 0)],
"material": SubResource("StandardMaterial3D_r5be8"),
"name": "w_beretta.bmp.001",
"primitive": 3,
"skin_data": PackedByteArray(56, 0, 0, 0, 0, 0, 0, 0, 255, 255, 0, 0, 0, 0, 0, 0, 56, 0, 0, 0, 0, 0, 0, 0, 255, 255, 0, 0, 0, 0, 0, 0, 56, 0, 0, 0, 0, 0, 0, 0, 255, 255, 0, 0, 0, 0, 0, 0, 56, 0, 0, 0, 0, 0, 0, 0, 255, 255, 0, 0, 0, 0, 0, 0, 56, 0, 0, 0, 0, 0, 0, 0, 255, 255, 0, 0, 0, 0, 0, 0, 56, 0, 0, 0, 0, 0, 0, 0, 255, 255, 0, 0, 0, 0, 0, 0, 56, 0, 0, 0, 0, 0, 0, 0, 255, 255, 0, 0, 0, 0, 0, 0, 56, 0, 0, 0, 0, 0, 0, 0, 255, 255, 0, 0, 0, 0, 0, 0, 56, 0, 0, 0, 0, 0, 0, 0, 255, 255, 0, 0, 0, 0, 0, 0, 56, 0, 0, 0, 0, 0, 0, 0, 255, 255, 0, 0, 0, 0, 0, 0, 56, 0, 0, 0, 0, 0, 0, 0, 255, 255, 0, 0, 0, 0, 0, 0, 56, 0, 0, 0, 0, 0, 0, 0, 255, 255, 0, 0, 0, 0, 0, 0, 56, 0, 0, 0, 0, 0, 0, 0, 255, 255, 0, 0, 0, 0, 0, 0, 56, 0, 0, 0, 0, 0, 0, 0, 255, 255, 0, 0, 0, 0, 0, 0, 56, 0, 0, 0, 0, 0, 0, 0, 255, 255, 0, 0, 0, 0, 0, 0, 56, 0, 0, 0, 0, 0, 0, 0, 255, 255, 0, 0, 0, 0, 0, 0, 56, 0, 0, 0, 0, 0, 0, 0, 255, 255, 0, 0, 0, 0, 0, 0, 56, 0, 0, 0, 0, 0, 0, 0, 255, 255, 0, 0, 0, 0, 0, 0, 56, 0, 0, 0, 0, 0, 0, 0, 255, 255, 0, 0, 0, 0, 0, 0, 56, 0, 0, 0, 0, 0, 0, 0, 255, 255, 0, 0, 0, 0, 0, 0, 56, 0, 0, 0, 0, 0, 0, 0, 255, 255, 0, 0, 0, 0, 0, 0, 56, 0, 0, 0, 0, 0, 0, 0, 255, 255, 0, 0, 0, 0, 0, 0, 56, 0, 0, 0, 0, 0, 0, 0, 255, 255, 0, 0, 0, 0, 0, 0, 56, 0, 0, 0, 0, 0, 0, 0, 255, 255, 0, 0, 0, 0, 0, 0, 56, 0, 0, 0, 0, 0, 0, 0, 255, 255, 0, 0, 0, 0, 0, 0, 56, 0, 0, 0, 0, 0, 0, 0, 255, 255, 0, 0, 0, 0, 0, 0, 56, 0, 0, 0, 0, 0, 0, 0, 255, 255, 0, 0, 0, 0, 0, 0, 56, 0, 0, 0, 0, 0, 0, 0, 255, 255, 0, 0, 0, 0, 0, 0, 56, 0, 0, 0, 0, 0, 0, 0, 255, 255, 0, 0, 0, 0, 0, 0, 56, 0, 0, 0, 0, 0, 0, 0, 255, 255, 0, 0, 0, 0, 0, 0, 56, 0, 0, 0, 0, 0, 0, 0, 255, 255, 0, 0, 0, 0, 0, 0, 56, 0, 0, 0, 0, 0, 0, 0, 255, 255, 0, 0, 0, 0, 0, 0, 56, 0, 0, 0, 0, 0, 0, 0, 255, 255, 0, 0, 0, 0, 0, 0, 56, 0, 0, 0, 0, 0, 0, 0, 255, 255, 0, 0, 0, 0, 0, 0, 56, 0, 0, 0, 0, 0, 0, 0, 255, 255, 0, 0, 0, 0, 0, 0, 56, 0, 0, 0, 0, 0, 0, 0, 255, 255, 0, 0, 0, 0, 0, 0, 56, 0, 0, 0, 0, 0, 0, 0, 255, 255, 0, 0, 0, 0, 0, 0, 56, 0, 0, 0, 0, 0, 0, 0, 255, 255, 0, 0, 0, 0, 0, 0, 56, 0, 0, 0, 0, 0, 0, 0, 255, 255, 0, 0, 0, 0, 0, 0, 56, 0, 0, 0, 0, 0, 0, 0, 255, 255, 0, 0, 0, 0, 0, 0, 56, 0, 0, 0, 0, 0, 0, 0, 255, 255, 0, 0, 0, 0, 0, 0, 56, 0, 0, 0, 0, 0, 0, 0, 255, 255, 0, 0, 0, 0, 0, 0, 56, 0, 0, 0, 0, 0, 0, 0, 255, 255, 0, 0, 0, 0, 0, 0, 56, 0, 0, 0, 0, 0, 0, 0, 255, 255, 0, 0, 0, 0, 0, 0, 56, 0, 0, 0, 0, 0, 0, 0, 255, 255, 0, 0, 0, 0, 0, 0, 56, 0, 0, 0, 0, 0, 0, 0, 255, 255, 0, 0, 0, 0, 0, 0, 56, 0, 0, 0, 0, 0, 0, 0, 255, 255, 0, 0, 0, 0, 0, 0, 56, 0, 0, 0, 0, 0, 0, 0, 255, 255, 0, 0, 0, 0, 0, 0, 56, 0, 0, 0, 0, 0, 0, 0, 255, 255, 0, 0, 0, 0, 0, 0, 56, 0, 0, 0, 0, 0, 0, 0, 255, 255, 0, 0, 0, 0, 0, 0, 56, 0, 0, 0, 0, 0, 0, 0, 255, 255, 0, 0, 0, 0, 0, 0, 56, 0, 0, 0, 0, 0, 0, 0, 255, 255, 0, 0, 0, 0, 0, 0, 56, 0, 0, 0, 0, 0, 0, 0, 255, 255, 0, 0, 0, 0, 0, 0, 56, 0, 0, 0, 0, 0, 0, 0, 255, 255, 0, 0, 0, 0, 0, 0, 56, 0, 0, 0, 0, 0, 0, 0, 255, 255, 0, 0, 0, 0, 0, 0, 56, 0, 0, 0, 0, 0, 0, 0, 255, 255, 0, 0, 0, 0, 0, 0, 56, 0, 0, 0, 0, 0, 0, 0, 255, 255, 0, 0, 0, 0, 0, 0, 56, 0, 0, 0, 0, 0, 0, 0, 255, 255, 0, 0, 0, 0, 0, 0, 56, 0, 0, 0, 0, 0, 0, 0, 255, 255, 0, 0, 0, 0, 0, 0, 56, 0, 0, 0, 0, 0, 0, 0, 255, 255, 0, 0, 0, 0, 0, 0, 56, 0, 0, 0, 0, 0, 0, 0, 255, 255, 0, 0, 0, 0, 0, 0, 56, 0, 0, 0, 0, 0, 0, 0, 255, 255, 0, 0, 0, 0, 0, 0, 56, 0, 0, 0, 0, 0, 0, 0, 255, 255, 0, 0, 0, 0, 0, 0, 56, 0, 0, 0, 0, 0, 0, 0, 255, 255, 0, 0, 0, 0, 0, 0, 56, 0, 0, 0, 0, 0, 0, 0, 255, 255, 0, 0, 0, 0, 0, 0, 56, 0, 0, 0, 0, 0, 0, 0, 255, 255, 0, 0, 0, 0, 0, 0, 56, 0, 0, 0, 0, 0, 0, 0, 255, 255, 0, 0, 0, 0, 0, 0, 56, 0, 0, 0, 0, 0, 0, 0, 255, 255, 0, 0, 0, 0, 0, 0, 56, 0, 0, 0, 0, 0, 0, 0, 255, 255, 0, 0, 0, 0, 0, 0, 56, 0, 0, 0, 0, 0, 0, 0, 255, 255, 0, 0, 0, 0, 0, 0, 56, 0, 0, 0, 0, 0, 0, 0, 255, 255, 0, 0, 0, 0, 0, 0, 56, 0, 0, 0, 0, 0, 0, 0, 255, 255, 0, 0, 0, 0, 0, 0, 56, 0, 0, 0, 0, 0, 0, 0, 255, 255, 0, 0, 0, 0, 0, 0, 56, 0, 0, 0, 0, 0, 0, 0, 255, 255, 0, 0, 0, 0, 0, 0, 56, 0, 0, 0, 0, 0, 0, 0, 255, 255, 0, 0, 0, 0, 0, 0, 56, 0, 0, 0, 0, 0, 0, 0, 255, 255, 0, 0, 0, 0, 0, 0, 56, 0, 0, 0, 0, 0, 0, 0, 255, 255, 0, 0, 0, 0, 0, 0, 56, 0, 0, 0, 0, 0, 0, 0, 255, 255, 0, 0, 0, 0, 0, 0, 56, 0, 0, 0, 0, 0, 0, 0, 255, 255, 0, 0, 0, 0, 0, 0, 56, 0, 0, 0, 0, 0, 0, 0, 255, 255, 0, 0, 0, 0, 0, 0, 56, 0, 0, 0, 0, 0, 0, 0, 255, 255, 0, 0, 0, 0, 0, 0, 56, 0, 0, 0, 0, 0, 0, 0, 255, 255, 0, 0, 0, 0, 0, 0, 56, 0, 0, 0, 0, 0, 0, 0, 255, 255, 0, 0, 0, 0, 0, 0, 56, 0, 0, 0, 0, 0, 0, 0, 255, 255, 0, 0, 0, 0, 0, 0, 56, 0, 0, 0, 0, 0, 0, 0, 255, 255, 0, 0, 0, 0, 0, 0, 56, 0, 0, 0, 0, 0, 0, 0, 255, 255, 0, 0, 0, 0, 0, 0, 56, 0, 0, 0, 0, 0, 0, 0, 255, 255, 0, 0, 0, 0, 0, 0, 56, 0, 0, 0, 0, 0, 0, 0, 255, 255, 0, 0, 0, 0, 0, 0, 56, 0, 0, 0, 0, 0, 0, 0, 255, 255, 0, 0, 0, 0, 0, 0, 56, 0, 0, 0, 0, 0, 0, 0, 255, 255, 0, 0, 0, 0, 0, 0, 56, 0, 0, 0, 0, 0, 0, 0, 255, 255, 0, 0, 0, 0, 0, 0, 56, 0, 0, 0, 0, 0, 0, 0, 255, 255, 0, 0, 0, 0, 0, 0, 56, 0, 0, 0, 0, 0, 0, 0, 255, 255, 0, 0, 0, 0, 0, 0, 56, 0, 0, 0, 0, 0, 0, 0, 255, 255, 0, 0, 0, 0, 0, 0, 56, 0, 0, 0, 0, 0, 0, 0, 255, 255, 0, 0, 0, 0, 0, 0, 56, 0, 0, 0, 0, 0, 0, 0, 255, 255, 0, 0, 0, 0, 0, 0, 56, 0, 0, 0, 0, 0, 0, 0, 255, 255, 0, 0, 0, 0, 0, 0, 56, 0, 0, 0, 0, 0, 0, 0, 255, 255, 0, 0, 0, 0, 0, 0, 56, 0, 0, 0, 0, 0, 0, 0, 255, 255, 0, 0, 0, 0, 0, 0, 56, 0, 0, 0, 0, 0, 0, 0, 255, 255, 0, 0, 0, 0, 0, 0, 56, 0, 0, 0, 0, 0, 0, 0, 255, 255, 0, 0, 0, 0, 0, 0),
"uv_scale": Vector4(0, 0, 0, 0),
"vertex_count": 101,
"vertex_data": PackedByteArray(81, 22, 2, 193, 183, 17, 37, 66, 46, 58, 11, 64, 81, 22, 2, 193, 183, 17, 37, 66, 46, 58, 11, 64, 81, 22, 2, 193, 183, 17, 37, 66, 46, 58, 11, 64, 25, 106, 214, 192, 245, 7, 41, 66, 234, 213, 80, 63, 25, 106, 214, 192, 245, 7, 41, 66, 234, 213, 80, 63, 187, 124, 0, 193, 91, 110, 41, 66, 104, 216, 80, 63, 187, 124, 0, 193, 91, 110, 41, 66, 104, 216, 80, 63, 219, 1, 0, 193, 166, 120, 43, 66, 155, 125, 42, 63, 219, 1, 0, 193, 166, 120, 43, 66, 155, 125, 42, 63, 109, 34, 213, 192, 3, 8, 43, 66, 218, 122, 42, 63, 109, 34, 213, 192, 3, 8, 43, 66, 218, 122, 42, 63, 188, 124, 0, 193, 248, 171, 41, 66, 73, 210, 166, 62, 188, 124, 0, 193, 248, 171, 41, 66, 73, 210, 166, 62, 48, 24, 214, 192, 147, 69, 41, 66, 149, 174, 161, 62, 48, 24, 214, 192, 147, 69, 41, 66, 149, 174, 161, 62, 180, 165, 0, 193, 134, 59, 41, 66, 151, 152, 101, 190, 180, 165, 0, 193, 134, 59, 41, 66, 151, 152, 101, 190, 32, 106, 214, 192, 227, 202, 40, 66, 86, 163, 101, 190, 32, 106, 214, 192, 227, 202, 40, 66, 86, 163, 101, 190, 87, 198, 253, 192, 216, 121, 47, 66, 7, 9, 45, 192, 87, 198, 253, 192, 216, 121, 47, 66, 7, 9, 45, 192, 13, 229, 210, 192, 114, 19, 47, 66, 125, 173, 45, 192, 13, 229, 210, 192, 114, 19, 47, 66, 125, 173, 45, 192, 112, 116, 253, 192, 55, 81, 48, 66, 202, 48, 105, 192, 112, 116, 253, 192, 55, 81, 48, 66, 202, 48, 105, 192, 112, 116, 253, 192, 55, 81, 48, 66, 202, 48, 105, 192, 40, 147, 210, 192, 147, 224, 47, 66, 122, 49, 105, 192, 40, 147, 210, 192, 147, 224, 47, 66, 122, 49, 105, 192, 40, 147, 210, 192, 147, 224, 47, 66, 122, 49, 105, 192, 145, 249, 216, 192, 26, 194, 37, 66, 77, 6, 139, 192, 145, 249, 216, 192, 26, 194, 37, 66, 77, 6, 139, 192, 145, 249, 216, 192, 26, 194, 37, 66, 77, 6, 139, 192, 216, 136, 227, 192, 116, 90, 30, 66, 30, 174, 80, 191, 216, 136, 227, 192, 116, 90, 30, 66, 30, 174, 80, 191, 132, 208, 228, 192, 152, 100, 28, 66, 208, 123, 6, 191, 132, 208, 228, 192, 152, 100, 28, 66, 208, 123, 6, 191, 148, 32, 1, 193, 69, 172, 28, 66, 175, 234, 3, 191, 148, 32, 1, 193, 69, 172, 28, 66, 175, 234, 3, 191, 180, 165, 0, 193, 34, 162, 30, 66, 105, 172, 80, 191, 180, 165, 0, 193, 34, 162, 30, 66, 105, 172, 80, 191, 109, 237, 1, 193, 129, 40, 38, 66, 253, 5, 139, 192, 109, 237, 1, 193, 129, 40, 38, 66, 253, 5, 139, 192, 109, 237, 1, 193, 129, 40, 38, 66, 253, 5, 139, 192, 112, 155, 5, 193, 192, 222, 25, 66, 32, 146, 192, 63, 112, 155, 5, 193, 192, 222, 25, 66, 32, 146, 192, 63, 111, 249, 224, 192, 91, 120, 25, 66, 51, 73, 191, 63, 48, 239, 217, 192, 82, 171, 36, 66, 184, 149, 10, 64, 48, 239, 217, 192, 82, 171, 36, 66, 184, 149, 10, 64, 81, 22, 2, 193, 183, 17, 37, 66, 46, 58, 11, 64, 81, 22, 2, 193, 183, 17, 37, 66, 46, 58, 11, 64, 81, 22, 2, 193, 183, 17, 37, 66, 46, 58, 11, 64, 188, 124, 0, 193, 248, 171, 41, 66, 73, 210, 166, 62, 188, 124, 0, 193, 248, 171, 41, 66, 73, 210, 166, 62, 188, 124, 0, 193, 248, 171, 41, 66, 73, 210, 166, 62, 188, 124, 0, 193, 248, 171, 41, 66, 73, 210, 166, 62, 32, 106, 214, 192, 227, 202, 40, 66, 86, 163, 101, 190, 32, 106, 214, 192, 227, 202, 40, 66, 86, 163, 101, 190, 32, 106, 214, 192, 227, 202, 40, 66, 86, 163, 101, 190, 32, 106, 214, 192, 227, 202, 40, 66, 86, 163, 101, 190, 32, 106, 214, 192, 227, 202, 40, 66, 86, 163, 101, 190, 32, 106, 214, 192, 227, 202, 40, 66, 86, 163, 101, 190, 32, 106, 214, 192, 227, 202, 40, 66, 86, 163, 101, 190, 32, 106, 214, 192, 227, 202, 40, 66, 86, 163, 101, 190, 112, 116, 253, 192, 55, 81, 48, 66, 202, 48, 105, 192, 112, 116, 253, 192, 55, 81, 48, 66, 202, 48, 105, 192, 112, 116, 253, 192, 55, 81, 48, 66, 202, 48, 105, 192, 112, 116, 253, 192, 55, 81, 48, 66, 202, 48, 105, 192, 40, 147, 210, 192, 147, 224, 47, 66, 122, 49, 105, 192, 40, 147, 210, 192, 147, 224, 47, 66, 122, 49, 105, 192, 40, 147, 210, 192, 147, 224, 47, 66, 122, 49, 105, 192, 40, 147, 210, 192, 147, 224, 47, 66, 122, 49, 105, 192, 145, 249, 216, 192, 26, 194, 37, 66, 77, 6, 139, 192, 145, 249, 216, 192, 26, 194, 37, 66, 77, 6, 139, 192, 145, 249, 216, 192, 26, 194, 37, 66, 77, 6, 139, 192, 145, 249, 216, 192, 26, 194, 37, 66, 77, 6, 139, 192, 216, 136, 227, 192, 116, 90, 30, 66, 30, 174, 80, 191, 216, 136, 227, 192, 116, 90, 30, 66, 30, 174, 80, 191, 216, 136, 227, 192, 116, 90, 30, 66, 30, 174, 80, 191, 216, 136, 227, 192, 116, 90, 30, 66, 30, 174, 80, 191, 216, 136, 227, 192, 116, 90, 30, 66, 30, 174, 80, 191, 132, 208, 228, 192, 152, 100, 28, 66, 208, 123, 6, 191, 132, 208, 228, 192, 152, 100, 28, 66, 208, 123, 6, 191, 132, 208, 228, 192, 152, 100, 28, 66, 208, 123, 6, 191, 148, 32, 1, 193, 69, 172, 28, 66, 175, 234, 3, 191, 148, 32, 1, 193, 69, 172, 28, 66, 175, 234, 3, 191, 148, 32, 1, 193, 69, 172, 28, 66, 175, 234, 3, 191, 180, 165, 0, 193, 34, 162, 30, 66, 105, 172, 80, 191, 180, 165, 0, 193, 34, 162, 30, 66, 105, 172, 80, 191, 180, 165, 0, 193, 34, 162, 30, 66, 105, 172, 80, 191, 180, 165, 0, 193, 34, 162, 30, 66, 105, 172, 80, 191, 109, 237, 1, 193, 129, 40, 38, 66, 253, 5, 139, 192, 109, 237, 1, 193, 129, 40, 38, 66, 253, 5, 139, 192, 109, 237, 1, 193, 129, 40, 38, 66, 253, 5, 139, 192, 109, 237, 1, 193, 129, 40, 38, 66, 253, 5, 139, 192, 109, 237, 1, 193, 129, 40, 38, 66, 253, 5, 139, 192, 109, 237, 1, 193, 129, 40, 38, 66, 253, 5, 139, 192, 112, 155, 5, 193, 192, 222, 25, 66, 32, 146, 192, 63, 112, 155, 5, 193, 192, 222, 25, 66, 32, 146, 192, 63, 112, 155, 5, 193, 192, 222, 25, 66, 32, 146, 192, 63, 111, 249, 224, 192, 91, 120, 25, 66, 51, 73, 191, 63, 111, 249, 224, 192, 91, 120, 25, 66, 51, 73, 191, 63, 154, 83, 61, 162, 225, 182, 86, 235, 154, 83, 61, 162, 179, 182, 41, 19, 154, 83, 61, 162, 104, 136, 237, 158, 5, 178, 37, 156, 218, 81, 238, 243, 5, 178, 37, 156, 107, 121, 79, 155, 198, 61, 170, 154, 168, 167, 122, 15, 198, 61, 170, 154, 159, 123, 133, 154, 244, 92, 190, 176, 113, 197, 41, 191, 244, 92, 190, 176, 89, 197, 74, 11, 98, 197, 39, 211, 239, 195, 18, 87, 98, 197, 39, 211, 200, 82, 103, 216, 199, 42, 115, 203, 183, 163, 149, 31, 199, 42, 115, 203, 235, 122, 215, 216, 243, 212, 126, 194, 34, 96, 175, 223, 243, 212, 126, 194, 142, 141, 232, 205, 45, 56, 8, 183, 72, 121, 121, 186, 45, 56, 8, 183, 14, 175, 128, 33, 38, 194, 165, 174, 81, 121, 170, 180, 38, 194, 165, 174, 196, 77, 7, 226, 67, 89, 46, 189, 153, 118, 77, 171, 67, 89, 46, 189, 162, 207, 236, 33, 245, 189, 168, 175, 28, 124, 140, 176, 245, 189, 168, 175, 206, 73, 44, 226, 103, 80, 3, 227, 246, 225, 134, 44, 103, 80, 3, 227, 152, 101, 174, 197, 103, 80, 3, 227, 93, 177, 98, 49, 251, 212, 170, 222, 241, 202, 9, 78, 251, 212, 170, 222, 56, 171, 132, 207, 251, 212, 170, 222, 79, 115, 176, 225, 86, 231, 245, 59, 255, 147, 157, 89, 86, 231, 245, 59, 175, 177, 212, 52, 86, 231, 245, 59, 175, 165, 71, 236, 138, 209, 133, 48, 219, 120, 73, 91, 138, 209, 133, 48, 112, 191, 213, 226, 235, 230, 254, 73, 205, 120, 72, 101, 235, 230, 254, 73, 204, 160, 107, 234, 205, 6, 203, 99, 48, 123, 57, 102, 205, 6, 203, 99, 60, 117, 219, 14, 172, 38, 184, 43, 65, 122, 150, 95, 172, 38, 184, 43, 91, 68, 72, 20, 156, 19, 145, 56, 170, 97, 105, 87, 156, 19, 145, 56, 165, 229, 81, 101, 156, 19, 145, 56, 167, 94, 137, 13, 142, 87, 170, 113, 166, 135, 141, 240, 142, 87, 170, 113, 166, 135, 113, 15, 241, 185, 180, 110, 180, 135, 123, 240, 27, 184, 45, 131, 63, 121, 227, 252, 27, 184, 45, 131, 89, 91, 164, 162, 188, 179, 165, 130, 225, 182, 86, 235, 122, 62, 36, 150, 179, 182, 41, 19, 226, 91, 210, 166, 104, 136, 237, 158, 92, 21, 49, 163, 183, 163, 149, 31, 207, 52, 236, 182, 183, 163, 149, 31, 26, 99, 121, 176, 235, 122, 215, 216, 166, 113, 254, 211, 235, 122, 215, 216, 246, 117, 131, 191, 81, 121, 170, 180, 229, 146, 63, 209, 81, 121, 170, 180, 205, 174, 178, 189, 81, 121, 170, 180, 21, 223, 17, 166, 196, 77, 7, 226, 180, 238, 85, 83, 196, 77, 7, 226, 72, 244, 205, 152, 196, 77, 7, 226, 103, 171, 171, 135, 196, 77, 7, 226, 224, 199, 136, 134, 196, 77, 7, 226, 180, 55, 123, 232, 246, 225, 134, 44, 52, 108, 68, 206, 152, 101, 174, 197, 68, 158, 168, 214, 152, 101, 174, 197, 78, 54, 236, 187, 93, 177, 98, 49, 137, 58, 102, 252, 241, 202, 9, 78, 152, 251, 22, 236, 241, 202, 9, 78, 113, 179, 102, 201, 56, 171, 132, 207, 66, 223, 162, 179, 79, 115, 176, 225, 207, 217, 96, 36, 255, 147, 157, 89, 98, 241, 226, 30, 175, 177, 212, 52, 59, 248, 61, 167, 175, 165, 71, 236, 145, 229, 109, 65, 175, 165, 71, 236, 218, 209, 172, 39, 219, 120, 73, 91, 155, 49, 154, 18, 219, 120, 73, 91, 163, 211, 43, 29, 219, 120, 73, 91, 136, 226, 223, 66, 112, 191, 213, 226, 47, 244, 208, 93, 112, 191, 213, 226, 11, 52, 48, 8, 205, 120, 72, 101, 14, 214, 95, 44, 205, 120, 72, 101, 9, 242, 106, 98, 204, 160, 107, 234, 47, 35, 62, 45, 48, 123, 57, 102, 135, 17, 221, 147, 60, 117, 219, 14, 21, 43, 91, 135, 60, 117, 219, 14, 156, 35, 163, 45, 65, 122, 150, 95, 190, 207, 20, 32, 65, 122, 150, 95, 60, 42, 114, 32, 65, 122, 150, 95, 174, 2, 132, 87, 91, 68, 72, 20, 228, 41, 213, 29, 170, 97, 105, 87, 198, 208, 21, 13, 170, 97, 105, 87, 226, 32, 96, 220, 165, 229, 81, 101, 212, 13, 206, 9, 165, 229, 81, 101, 82, 1, 180, 80, 167, 94, 137, 13, 171, 34, 124, 183, 167, 94, 137, 13, 85, 143, 243, 116, 166, 135, 141, 240, 167, 173, 44, 122, 166, 135, 141, 240, 171, 61, 10, 136, 166, 135, 113, 15, 58, 169, 165, 118, 180, 135, 123, 240, 95, 224, 114, 106, 180, 135, 123, 240)
}]
blend_shape_mode = 0

[sub_resource type="Skin" id="Skin_x5cgw"]
resource_name = "Skin"
bind_count = 58
bind/0/name = &"Bip01"
bind/0/bone = -1
bind/0/pose = Transform3D(1.21259e-06, 4.37114e-08, 1, 1, -5.2108e-14, -1.19209e-06, 0, 1, -4.37114e-08, 0.242066, 0.00131671, -39.2049)
bind/1/name = &"Bip01 Pelvis"
bind/1/bone = -1
bind/1/pose = Transform3D(-0.000351236, 1, 0.000337707, 2.16489e-06, -0.000337593, 1, 1, 0.000351236, -2.02581e-06, -39.2047, 0.501077, -0.0124539)
bind/2/name = &"Bip01 L Thigh"
bind/2/bone = -1
bind/2/pose = Transform3D(0.0112276, -0.997322, 0.0722708, 0.000308112, 0.0722788, 0.997384, -0.999937, -0.011176, 0.00111879, 39.0855, -2.34848, 4.8645)
bind/3/name = &"Bip01 L Calf"
bind/3/bone = -1
bind/3/pose = Transform3D(0.0108427, -0.985554, -0.169013, 0.00298982, -0.16899, 0.985613, -0.999937, -0.011192, 0.00111431, 20.581, 2.66472, 4.86505)
bind/4/name = &"Bip01 L Foot"
bind/4/bone = -1
bind/4/pose = Transform3D(-0.0038643, 0.999992, 0.000336671, 4.29895e-08, -0.000336621, 0.999999, 0.999993, 0.0038643, 1.27842e-06, -6.10863, 1.66904, -4.8185)
bind/5/name = &"Bip01 L Foot_end"
bind/5/bone = -1
bind/5/pose = Transform3D(-0.0038642, 0.999992, 0.000338001, 2.04048e-08, -0.000337951, 0.999999, 0.999993, 0.0038642, 1.30612e-06, -6.10863, 1.48849, -4.8185)
bind/6/name = &"Bip01 R Thigh"
bind/6/bone = -1
bind/6/pose = Transform3D(-0.0112303, -0.997322, 0.0722708, -0.000301997, 0.0722789, 0.997385, -0.999937, 0.0111791, -0.00111292, 39.0854, -2.34847, -4.86725)
bind/7/name = &"Bip01 R Calf"
bind/7/bone = -1
bind/7/pose = Transform3D(-0.0108356, -0.98556, -0.168981, -0.00298689, -0.168958, 0.985619, -0.999937, 0.0111845, -0.00111301, 20.5811, 2.66406, -4.86759)
bind/8/name = &"Bip01 R Foot"
bind/8/bone = -1
bind/8/pose = Transform3D(-0.003313, 0.999994, 0.00034814, 1.06292e-08, -0.000347948, 1, 0.999995, 0.003313, 1.1634e-06, -6.14307, 1.66911, 4.77727)
bind/9/name = &"Bip01 R Foot_end"
bind/9/bone = -1
bind/9/pose = Transform3D(-0.0033131, 0.999994, 0.000343284, 2.0641e-08, -0.000343092, 1, 0.999995, 0.0033131, 1.13734e-06, -6.14308, 1.48853, 4.77727)
bind/10/name = &"Bip01 Spine"
bind/10/bone = -1
bind/10/pose = Transform3D(1.3213e-07, 0.999999, 0.0011399, -1.71152e-06, -0.00113978, 0.999999, 1, -1.34018e-07, 1.73183e-06, -41.4595, 0.541892, 0.00132059)
bind/11/name = &"Bip01 Spine1"
bind/11/bone = -1
bind/11/pose = Transform3D(-4.60599e-07, 0.999999, 0.00113972, -1.67557e-06, -0.00113961, 0.999999, 1, 4.58752e-07, 1.69655e-06, -50.9738, 0.551229, 0.00128117)
bind/12/name = &"Bip01 Neck"
bind/12/bone = -1
bind/12/pose = Transform3D(1.75941e-06, 0.971212, 0.238215, -1.88408e-06, -0.238215, 0.971212, 1, -2.15751e-06, 1.43118e-06, -60.8058, 15.4098, 0.00142689)
bind/13/name = &"Bip01 L Clavicle"
bind/13/bone = -1
bind/13/pose = Transform3D(0.979917, -0.198676, 0.0171154, 0.0175322, 0.000337632, -0.999846, 0.198639, 0.980065, 0.00381419, 9.44381, -0.624416, -59.8655)
bind/14/name = &"Bip01 L UpperArm"
bind/14/bone = -1
bind/14/pose = Transform3D(0.312641, -0.949635, 0.0211939, 0.00180086, -0.02172, -0.999762, 0.94987, 0.312604, -0.00508053, 54.3837, 0.804036, -25.4774)
bind/15/name = &"Bip01 L Forearm"
bind/15/bone = -1
bind/15/pose = Transform3D(0.286079, -0.862498, 0.417441, 0.12612, -0.397966, -0.90869, 0.949871, 0.312604, -0.00507169, 39.6355, 18.0766, -25.4774)
bind/16/name = &"Bip01 L Hand"
bind/16/bone = -1
bind/16/pose = Transform3D(0.302973, -0.916349, 0.261749, -0.949778, -0.312902, 0.00393282, 0.0782982, -0.249795, -0.965128, 32.8107, 25.4927, 12.8076)
bind/17/name = &"Bip01 L Finger0"
bind/17/bone = -1
bind/17/pose = Transform3D(0.108215, -0.678972, 0.726145, 0.173058, -0.706416, -0.686315, 0.978949, 0.199934, 0.0410564, 21.7559, 30.0908, -21.4809)
bind/18/name = &"Bip01 L Finger01"
bind/18/bone = -1
bind/18/pose = Transform3D(0.137939, -0.796335, 0.588917, 0.15044, -0.570857, -0.80715, 0.97895, 0.199933, 0.0410566, 25.8295, 25.8161, -21.4809)
bind/19/name = &"Bip01 L Finger02"
bind/19/bone = -1
bind/19/pose = Transform3D(0.158661, -0.871968, 0.463141, 0.128395, -0.446878, -0.885333, 0.97895, 0.199932, 0.0410544, 28.0005, 21.9181, -21.4808)
bind/20/name = &"Bip01 L Finger02_end"
bind/20/bone = -1
bind/20/pose = Transform3D(0.158661, -0.871967, 0.463141, 0.128395, -0.446878, -0.885333, 0.97895, 0.199932, 0.0410544, 28.0005, 21.7375, -21.4808)
bind/21/name = &"Bip01 L Finger1"
bind/21/bone = -1
bind/21/pose = Transform3D(0.244284, -0.903187, 0.352957, -0.964425, -0.264218, -0.00862674, 0.10105, -0.338293, -0.9356, 28.4509, 24.1932, 16.9559)
bind/22/name = &"Bip01 L Finger11"
bind/22/bone = -1
bind/22/pose = Transform3D(0.193468, -0.915783, 0.352012, -0.97589, -0.216578, -0.0270886, 0.101046, -0.338284, -0.935603, 28.4647, 22.7344, 16.9557)
bind/23/name = &"Bip01 L Finger12"
bind/23/bone = -1
bind/23/pose = Transform3D(0.142141, -0.925856, 0.350124, -0.984676, -0.168368, -0.0454754, 0.101054, -0.338295, -0.935599, 28.4013, 21.2776, 16.9559)
bind/24/name = &"Bip01 L Finger12_end"
bind/24/bone = -1
bind/24/pose = Transform3D(0.142142, -0.925856, 0.350124, -0.984676, -0.168368, -0.0454751, 0.101054, -0.338295, -0.935599, 28.4013, 21.0971, 16.9559)
bind/25/name = &"Bip01 L Finger2"
bind/25/bone = -1
bind/25/pose = Transform3D(0.250742, -0.924583, 0.286834, -0.964424, -0.264222, -0.00862782, 0.0837655, -0.274467, -0.957941, 29.5394, 24.1904, 14.0477)
bind/26/name = &"Bip01 L Finger21"
bind/26/bone = -1
bind/26/pose = Transform3D(0.199912, -0.937151, 0.285977, -0.976228, -0.215457, -0.0236287, 0.08376, -0.274455, -0.957945, 29.4169, 22.6815, 14.0474)
bind/27/name = &"Bip01 L Finger22"
bind/27/bone = -1
bind/27/pose = Transform3D(0.148557, -0.947138, 0.28436, -0.985351, -0.166128, -0.0385638, 0.0837659, -0.274465, -0.957942, 29.2147, 21.1819, 14.0477)
bind/28/name = &"Bip01 L Finger22_end"
bind/28/bone = -1
bind/28/pose = Transform3D(0.148558, -0.947138, 0.28436, -0.985351, -0.166128, -0.0385636, 0.0837658, -0.274465, -0.957942, 29.2147, 21.0014, 14.0477)
bind/29/name = &"Bip01 R Clavicle"
bind/29/bone = -1
bind/29/pose = Transform3D(-0.979912, -0.198672, 0.017118, -0.0175337, 0.000337877, -0.999846, 0.198637, -0.980066, -0.0038146, 9.44106, -0.624475, 59.866)
bind/30/name = &"Bip01 R UpperArm"
bind/30/bone = -1
bind/30/pose = Transform3D(-0.31264, -0.949634, 0.0211953, -0.00180532, -0.0217194, -0.999762, 0.949866, -0.312607, 0.00507525, 54.3828, 0.803978, 25.48)
bind/31/name = &"Bip01 R Forearm"
bind/31/bone = -1
bind/31/pose = Transform3D(-0.286079, -0.862498, 0.417438, -0.126116, -0.397962, -0.908691, 0.949866, -0.312607, 0.00507318, 39.6348, 18.0762, 25.48)
bind/32/name = &"Bip01 R Hand"
bind/32/bone = -1
bind/32/pose = Transform3D(-0.302968, -0.91635, 0.261746, 0.949775, -0.312901, 0.00392987, 0.0782979, 0.249791, 0.965128, 32.8101, 25.4951, -12.8073)
bind/33/name = &"Bip01 R Finger0"
bind/33/bone = -1
bind/33/pose = Transform3D(-0.108215, -0.678971, 0.726146, -0.17306, -0.706415, -0.686314, 0.978944, -0.199939, -0.0410593, 21.7556, 30.0903, 21.4837)
bind/34/name = &"Bip01 R Finger01"
bind/34/bone = -1
bind/34/pose = Transform3D(-0.137941, -0.796333, 0.588918, -0.150437, -0.570857, -0.807149, 0.978945, -0.199936, -0.0410545, 25.8291, 25.8158, 21.4835)
bind/35/name = &"Bip01 R Finger02"
bind/35/bone = -1
bind/35/pose = Transform3D(-0.15866, -0.871966, 0.463142, -0.128397, -0.446877, -0.885332, 0.978945, -0.199936, -0.0410575, 28.0001, 21.9177, 21.4835)
bind/36/name = &"Bip01 R Finger02_end"
bind/36/bone = -1
bind/36/pose = Transform3D(-0.15866, -0.871967, 0.463141, -0.128397, -0.446877, -0.885333, 0.978945, -0.199936, -0.0410575, 28.0001, 21.7372, 21.4835)
bind/37/name = &"Bip01 R Finger1"
bind/37/bone = -1
bind/37/pose = Transform3D(-0.244285, -0.903186, 0.352956, 0.964419, -0.264224, -0.00863219, 0.101054, 0.33829, 0.9356, 28.4502, 24.1959, -16.9555)
bind/38/name = &"Bip01 R Finger11"
bind/38/bone = -1
bind/38/pose = Transform3D(-0.193465, -0.915785, 0.352006, 0.975886, -0.216578, -0.0270918, 0.101045, 0.338278, 0.935605, 28.4644, 22.7369, -16.9552)
bind/39/name = &"Bip01 R Finger12"
bind/39/bone = -1
bind/39/pose = Transform3D(-0.142141, -0.925856, 0.350123, 0.984671, -0.168371, -0.0454789, 0.101056, 0.338292, 0.935599, 28.401, 21.2803, -16.9556)
bind/40/name = &"Bip01 R Finger12_end"
bind/40/bone = -1
bind/40/pose = Transform3D(-0.142141, -0.925856, 0.350123, 0.98467, -0.168371, -0.0454788, 0.101056, 0.338292, 0.935599, 28.401, 21.0997, -16.9556)
bind/41/name = &"Bip01 R Finger2"
bind/41/bone = -1
bind/41/pose = Transform3D(-0.250739, -0.924584, 0.286831, 0.96442, -0.264223, -0.00863121, 0.0837661, 0.274462, 0.957942, 29.5389, 24.1929, -14.0474)
bind/42/name = &"Bip01 R Finger21"
bind/42/bone = -1
bind/42/pose = Transform3D(-0.199908, -0.937152, 0.285973, 0.976224, -0.215458, -0.0236324, 0.0837608, 0.27445, 0.957946, 29.4165, 22.684, -14.0471)
bind/43/name = &"Bip01 R Finger22"
bind/43/bone = -1
bind/43/pose = Transform3D(-0.148556, -0.947138, 0.284358, 0.985345, -0.166131, -0.0385675, 0.083768, 0.274462, 0.957942, 29.2143, 21.1846, -14.0474)
bind/44/name = &"Bip01 R Finger22_end"
bind/44/bone = -1
bind/44/pose = Transform3D(-0.148557, -0.947138, 0.284358, 0.985345, -0.166132, -0.0385672, 0.0837678, 0.274463, 0.957942, 29.2143, 21.0041, -14.0474)
bind/45/name = &"Bip01 R Finger4"
bind/45/bone = -1
bind/45/pose = Transform3D(-0.258125, -0.948206, 0.185134, 0.964418, -0.264228, -0.00863231, 0.0571015, 0.176319, 0.982675, 30.6596, 24.1854, -9.06824)
bind/46/name = &"Bip01 R Finger4_end"
bind/46/bone = -1
bind/46/pose = Transform3D(-0.258125, -0.948206, 0.185134, 0.964418, -0.264227, -0.00863268, 0.0571018, 0.176319, 0.982675, 30.6596, 24.0048, -9.06824)
bind/47/name = &"Bip01 Head"
bind/47/bone = -1
bind/47/pose = Transform3D(1.91034e-06, 0.987649, 0.156685, -1.7406e-06, -0.156685, 0.987649, 1, -2.15941e-06, 1.44024e-06, -63.9792, 10.1283, 0.00142723)
bind/48/name = &"Bone05"
bind/48/bone = -1
bind/48/pose = Transform3D(-4.70643e-07, -0.00034468, 1, 0.000137507, 1, 0.00034465, -1, 0.000137507, -4.43706e-07, -2.4824, -65.2859, -0.0247931)
bind/49/name = &"Bone05_end"
bind/49/bone = -1
bind/49/pose = Transform3D(-5.09415e-07, -0.000344611, 1, 0.000137509, 1, 0.000344581, -1, 0.000137509, -4.82486e-07, -2.4824, -65.4664, -0.0247931)
bind/50/name = &"Bone08"
bind/50/bone = -1
bind/50/pose = Transform3D(1, -9.20317e-07, 3.7561e-07, 3.63864e-07, 0.000342024, -1, 9.18981e-07, 1, 0.000336855, -3.72521, 5.20465, -58.1977)
bind/51/name = &"Bone08_end"
bind/51/bone = -1
bind/51/pose = Transform3D(1, -9.3857e-07, 1.32018e-06, 1.30844e-06, 0.000343173, -1, 9.3691e-07, 1, 0.000338004, -3.72521, 5.02403, -58.1977)
bind/52/name = &"Bone16"
bind/52/bone = -1
bind/52/pose = Transform3D(1, -1.0124e-06, 1.6948e-06, 1.67446e-06, 0.000338387, -1, 1.01187e-06, 1, 0.000338352, 3.19839e-05, 4.56943, -43.9063)
bind/53/name = &"Bone16_end"
bind/53/bone = -1
bind/53/pose = Transform3D(1, -9.58064e-07, 1.69487e-06, 1.67452e-06, 0.000338038, -1, 9.57532e-07, 1, 0.000338004, 2.95979e-05, 4.38889, -43.9063)
bind/54/name = &"Bone01"
bind/54/bone = -1
